0.0181  5488
0.0816  5003
0.1517  4490
0.2276  4044
0.3043  3591.2
0.3764  3211.6
0.4512  2902.6
0.5204  2650.9
0.6  2391.7
0.6683  2172.9
0.7621  1933.3
0.8445  1747.3
0.9308  1579.3
1.0066  1437.3
1.0938  1315.1
1.1781  1178.3
1.2625  1080
1.3383  1003.8
1.4141  921.6
1.4824  870.2
1.5146  837.4
1.5582  771.4
1.6056  709.4
1.6558  651.3
1.7203  592.7
1.78  527.2
1.8548  478.2
1.9126  434.4
1.9752  396
2.0235  364.2
2.0785  336.69
2.124  316.2
2.1723  287.74
2.2396  262.33
2.3116  239.59
2.3704  214.63
2.4405  201.59
2.4993  186.37
2.5742  169.62
2.6433  153.56
2.7239  139.52
2.795  126.76
2.8623  115.97
2.9476  106.29
3.0243  96.4
3.103  86.82
3.1902  79.02
3.2821  70.93
3.3617  64.44
3.4537  58.45
3.5447  53.48
3.6432  48.34
3.7228  44.85
3.7977  42.2
3.8707  39.09
3.9778  35.52
4.0754  32.162
4.1693  29.377
4.2574  26.599
4.3465  23.665
4.4621  21.543
4.6157  19.106
4.7228  17.06
4.8232  15.584
4.9493  14.337
5.0621  13.097
5.1644  11.963
5.2753  11.044
5.3597  10.247
5.4649  9.492
5.5691  8.686
5.6867  8.089
5.825  7.275
5.9255  6.739
6.0203  6.232
6.1027  5.884
6.1511  5.673
6.1539  4.854
6.1766  3.887
6.1804  3.0686
6.1993  2.4656
6.2078  1.8632
6.2268  1.3667
6.2447  1.0025
6.2608  0.7445
6.2674  0.5538
6.2883  0.3985
6.3072  0.28174
6.3308  0.1961
6.3403  0.13913
6.3649  0.09838
6.381  0.07017
6.3971  0.04927
6.4179  0.034052
6.4434  0.023127
6.4652  0.015624
6.4699  0.012314
6.4765  0.010354
6.4917  0.008348
6.5599  0.006745
6.6224  0.005574
6.6982  0.004258
6.7636  0.0034105
6.8195  0.0028039
6.8707  0.002438
6.9598  0.002124
7.0688  0.0018153
7.1796  0.0015543
7.2716  0.0013213
7.391  0.0011778
7.5426  0.0010104
7.6649  0.0009023
7.808  0.0008115
7.9075  0.0007478
8.027  0.0006795
8.1578  0.0006285
8.2942  0.0005792
8.4355  0.000532
8.5738  0.0004972
8.7179  0.0004623
8.8686  0.0004261
9.0231  0.0003983
9.1748  0.000371
9.3056  0.00035227
9.443  0.00033215
9.5918  0.00031155
9.7264  0.00029581
9.8875  0.00028042
10.0401  0.00026396
10.187  0.00025021
10.3842  0.00023393
10.5652  0.00022178
10.7918  0.00020272
11.0012  0.00019155
11.2325  0.00017818
11.4354  0.00016776
11.6287  0.00015767
11.8022  0.00015106
11.9965  0.00014398
12.2145  0.00013653
12.3936  0.00013103
12.6107  0.00012252
12.8183  0.00011719
13.0533  0.00011094
13.3045  0.00010267
13.5727  9.807e-05
13.8211  9.399e-05
14.0827  8.837e-05
14.3244  8.308e-05
14.5983  7.73e-05
14.9462  7.322e-05
15.2229  7.006e-05
15.4267  6.76e-05
15.639  6.467e-05
15.8144  6.36e-05
15.9812  6.201e-05