# z   photoionization_HI   photoheating_HI   photoionization_HeI   photoheating_HeI   photoionization_HeII   photoheating_HeII 
0.000000000000000000e+00 2.264354637323855719e-14 8.898461806432157716e-14 1.236910509117992020e-14 1.124006104160540609e-13 5.642113576688514402e-16 1.145759313706812301e-14
4.911999999999999700e-02 2.828061653515673468e-14 1.113662334253072252e-13 1.555892105547029186e-14 1.398249058064458372e-13 6.872500920697737593e-16 1.388395446669182453e-14
1.005999999999999950e-01 3.524196495713893042e-14 1.390774585620478852e-13 1.953326365094426408e-14 1.738208568090987421e-13 8.371660884494247348e-16 1.681418498827729709e-14
1.547000000000000042e-01 4.380357893131824132e-14 1.732572727690307064e-13 2.446451767487445971e-14 2.158219101527229464e-13 1.019590548480328459e-15 2.034601031575595850e-14
2.114000000000000046e-01 5.430433833263105888e-14 2.152590254551574712e-13 3.056343633290198831e-14 2.675524327075464583e-13 1.241094534836855863e-15 2.459462678080324582e-14
2.708999999999999742e-01 6.712605523128958452e-14 2.666499307094842616e-13 3.806850662320939817e-14 3.310195295084393467e-13 1.508980519594556480e-15 2.968958148128303224e-14
3.332999999999999852e-01 8.271301467578846897e-14 3.291920555614434373e-13 4.724332118742270234e-14 4.084881625354338231e-13 1.831894356898747452e-15 3.577464430517549737e-14
3.987999999999999878e-01 1.015702628692606557e-13 4.049427041657709096e-13 5.839350304129902494e-14 5.025637669405564311e-13 2.219518287544639800e-15 4.301820617320043595e-14
4.675000000000000266e-01 1.242660821891768682e-13 4.960666090899214584e-13 7.182549224390983359e-14 6.159651888644027129e-13 2.681744407968176388e-15 5.158226880323382615e-14
5.395999999999999686e-01 1.514165668798554172e-13 6.050775673805461449e-13 8.792048971501756655e-14 7.518348601991430224e-13 3.229306900642847263e-15 6.165105355911175599e-14
6.151999999999999691e-01 1.836390797933530034e-13 7.342990954161731797e-13 1.070759933001274501e-13 9.129781599803819672e-13 3.872474949443164670e-15 7.339358882887816655e-14
6.945000000000000062e-01 2.215638318045022527e-13 8.863009750038162463e-13 1.297173122270612355e-13 1.102648043291950789e-12 4.620489358449528978e-15 8.695568316332303907e-14
7.778000000000000469e-01 2.657336847929077367e-13 1.063032178026683556e-12 1.561128377178513736e-13 1.322978564239823423e-12 5.479161411498727860e-15 1.024327557773702702e-13
8.650999999999999801e-01 3.165721935583684824e-13 1.266123889152209347e-12 1.865134345170355731e-13 1.575933545212297961e-12 6.449958488660309737e-15 1.198370160273279132e-13
9.566999999999999948e-01 3.741339784237521175e-13 1.496003454387970460e-12 2.209689311296553491e-13 1.861585799417460826e-12 7.525274018828323210e-15 1.390361316193088244e-13
1.052999999999999936e+00 4.383010586603704425e-13 1.751717812085848965e-12 2.592798698747216863e-13 2.177924191835467724e-12 8.685189169090715118e-15 1.597024149259294363e-13
1.153999999999999915e+00 5.080496229681739326e-13 2.029586820089358508e-12 3.008849401159781238e-13 2.519848620673244827e-12 9.890723493622285271e-15 1.812140884244145264e-13
1.258999999999999897e+00 5.817866540442307842e-13 2.322973593684941519e-12 3.447593689125021923e-13 2.877633379437754978e-12 1.107726453021432921e-14 2.025398025494695763e-13
1.370000000000000107e+00 6.566654912778909614e-13 2.620955705987075227e-12 3.892958268918337832e-13 3.236533280541978045e-12 1.214300279920067544e-14 2.221373825950736063e-13
1.487000000000000099e+00 7.289676512251022776e-13 2.907919094641404316e-12 4.321896846750926028e-13 3.575383900132522864e-12 1.294533115972488383e-14 2.377238811868509295e-13
1.608999999999999986e+00 7.955959587556305961e-13 3.173430502989353615e-12 4.717742810970104272e-13 3.880805402998109739e-12 1.347110191097837880e-14 2.483494255791156074e-13
1.737000000000000099e+00 8.551522890060752205e-13 3.410419328533930386e-12 5.069089861171928491e-13 4.141210464548332796e-12 1.370888716678727631e-14 2.538333531581625581e-13
1.870999999999999996e+00 9.042438105766501529e-13 3.604852442139127079e-12 5.353091530893850722e-13 4.337700781724742129e-12 1.360147167000517829e-14 2.530649763848144748e-13
2.012999999999999901e+00 9.395331184417063114e-13 3.744357110135929886e-12 5.552704295073793127e-13 4.453762857495096280e-12 1.310302996482743692e-14 2.451679817148197163e-13
2.160000000000000142e+00 9.587948567927344583e-13 3.819260132251358980e-12 5.652721528279211976e-13 4.478001649852248343e-12 1.220013892979751328e-14 2.298804591297024152e-13
2.315999999999999837e+00 9.606588993111710391e-13 3.823992625207648634e-12 5.645810587711248406e-13 4.405647712857059505e-12 1.091155173282464670e-14 2.074556353886483582e-13
2.479000000000000092e+00 9.453456511917539232e-13 3.760661497487638323e-12 5.537161355256829301e-13 4.242613338973266571e-12 9.287275241571720733e-15 1.789189723619297542e-13
2.649000000000000021e+00 9.145715887563499419e-13 3.636736607217941036e-12 5.339347192280233801e-13 4.004010343073971313e-12 7.422104001418958541e-15 1.459976600992312814e-13
2.829000000000000181e+00 8.711952099176265689e-13 3.463779900510104221e-12 5.070685298416348771e-13 3.711008426139172154e-12 5.457581747855658637e-15 1.111850929433241784e-13
3.016999999999999904e+00 8.187467866905526609e-13 3.255603920600986683e-12 4.749287143327513684e-13 3.387724795493442043e-12 3.611784136088690897e-15 7.789881261416638356e-14
3.213999999999999968e+00 7.611910784083676494e-13 3.028312550261550133e-12 4.401836651248079570e-13 3.066975600714254109e-12 2.143227658684119610e-15 4.997667484075144792e-14
3.420999999999999819e+00 7.020538167702447895e-13 2.797035064616710700e-12 4.052174993226875455e-13 2.773232019889051576e-12 1.170229865956284120e-15 2.976321593806474358e-14
3.637999999999999901e+00 6.446083746576036587e-13 2.573720469294335463e-12 3.717311314763888112e-13 2.515965613193315611e-12 6.095235696018070165e-16 1.686281701838608002e-14
3.866000000000000103e+00 5.911360707945270285e-13 2.367316574039795675e-12 3.410052620985127835e-13 2.295531729024128061e-12 3.106730018137319142e-16 9.285187336673324062e-15
4.105000000000000426e+00 5.432581567658561594e-13 2.182919804171734804e-12 3.138342898257987208e-13 2.109693504608032625e-12 1.566990236941989531e-16 5.026566172151705534e-15
4.355999999999999872e+00 5.016709847152680805e-13 2.023617490463493672e-12 2.904402923083820557e-13 1.954940089924111146e-12 7.824918063288668775e-17 2.682055539980446954e-15
4.618999999999999773e+00 4.674435501719344229e-13 1.890618552090518302e-12 2.702732898870992060e-13 1.823377141268614893e-12 3.861406149653898488e-17 1.409440762288000675e-15
4.894999999999999574e+00 4.393189627575500316e-13 1.780309762028057492e-12 2.528022094523846106e-13 1.708704505809916645e-12 1.879818407300609464e-17 7.287906771095015574e-16
5.184000000000000163e+00 4.106688909027481270e-13 1.670719745104711643e-12 2.366164937410383896e-13 1.605653126750809269e-12 8.829511625722032482e-18 3.661342099970914469e-16
5.488000000000000433e+00 3.587370688706387371e-13 1.478758028709289632e-12 2.131699572461499125e-13 1.468742594128239788e-12 3.320946813508199436e-18 1.560238705122004215e-16
5.807000000000000384e+00 2.918407266993611943e-13 1.230160187760418094e-12 1.831573717896207604e-13 1.299784428992059334e-12 1.203744328629095743e-18 6.252961022703221967e-17
6.141000000000000014e+00 2.291173284144502162e-13 9.906664969942462397e-13 1.535350102314093020e-13 1.127369894253619718e-12 4.550845145018084073e-19 2.696072793791060739e-17
6.491999999999999993e+00 1.739552265808826239e-13 7.720739253410494391e-13 1.250730468362971290e-13 9.537145716036721334e-13 1.785625541187520663e-19 1.280587288595578242e-17
6.858999999999999986e+00 1.283267492021473542e-13 5.839621242669953770e-13 9.884993148384529562e-14 7.839022805709075637e-13 7.230157299419847061e-20 6.743073053664390124e-18
7.246000000000000441e+00 9.242065782473597739e-14 4.303823318406989576e-13 7.585744612936007167e-14 6.249901852707310359e-13 3.010060513847699788e-20 3.880357423992276992e-18
7.650000000000000355e+00 6.525758368448291093e-14 3.102573706054991257e-13 5.666298398720149628e-14 4.834930611054927817e-13 1.296145568141641322e-20 2.393753287932136681e-18
8.074999999999999289e+00 4.534762179429154644e-14 2.195409420874618654e-13 4.133201316566988678e-14 3.636936519925610917e-13 5.858643594196754522e-21 1.547873547034637298e-18
8.521000000000000796e+00 3.110557718431265582e-14 1.529081932000829366e-13 2.952524752285111878e-14 2.666302797440555519e-13 2.836091076212918309e-21 1.030398300522223054e-18
8.989000000000000767e+00 2.112806337083053228e-14 1.051498976450166361e-13 2.072715399038085577e-14 1.911605004019620181e-13 1.491092417343541311e-21 6.973473224598980325e-19
9.478999999999999204e+00 1.424036975116951701e-14 7.156542584102966676e-14 1.434607120126906007e-14 1.345033113057532965e-13 8.497267490185129881e-22 4.759654832482439141e-19
9.993999999999999773e+00 9.543281030775510761e-15 4.832527767789660558e-14 9.821894376694548896e-15 9.325243369225705322e-14 5.191320640470676950e-22 3.262118077668042420e-19
1.052999999999999936e+01 6.369937118785416158e-15 3.245910534674750110e-14 6.676412708894555269e-15 6.401209029530087782e-14 3.388523245764606352e-22 2.238342522726463029e-19
1.109999999999999964e+01 4.246189158824000706e-15 2.178410533892110545e-14 4.537033499286362157e-15 4.384781352440654528e-14 2.207231587793580150e-22 1.528609501829796459e-19
1.168999999999999950e+01 2.906456066609218085e-15 1.519074046911880166e-14 3.247058146588384341e-15 3.168939812012334916e-14 1.491811530868552680e-22 1.062632114008837428e-19
1.232000000000000028e+01 1.725438574871084893e-15 9.209785724898496570e-15 2.025893539666866035e-15 1.999184940767286204e-14 1.032115724284054410e-22 7.523700701426150671e-20
1.297000000000000064e+01 1.012884790380868285e-15 5.509348405238751680e-15 1.242380321250590883e-15 1.240072227931359838e-14 7.168229038279289982e-23 5.314994299071947405e-20
1.366000000000000014e+01 5.895586969945538395e-16 3.268117987209712114e-15 7.544027560152615086e-16 7.631971712097827007e-15 4.995081227753810696e-23 3.730325160659076075e-20
1.438000000000000078e+01 3.400787828977380659e-16 1.922623634525925171e-15 4.540195646674106307e-16 4.672689342807930598e-15 3.490386642287736088e-23 2.576319661539304402e-20
1.513000000000000078e+01 1.941084436720597013e-16 1.116057620615519045e-15 2.684144905154982051e-16 2.804182964031104865e-15 2.024651804704284259e-23 1.540176094307215472e-20
